1169
142.1 0.000152138
142.3 0.000152138
142.5 0.000152138
142.7 0.000304275
142.9 0.00060855
143.1 0.00060855
143.3 0.00060855
143.5 0.00060855
143.7 0.00060855
143.9 0.00106496
144.1 0.00152138
144.3 0.00167351
144.5 0.00212993
144.7 0.00212993
144.9 0.00289061
145.1 0.00349916
145.3 0.00380344
145.5 0.00410771
145.7 0.00471626
145.9 0.00532481
146.1 0.00638978
146.3 0.00699833
146.5 0.00791115
146.7 0.00928039
146.9 0.0097368
147.1 0.0106496
147.3 0.0114103
147.5 0.0129317
147.7 0.0139967
147.9 0.0153659
148.1 0.0170394
148.3 0.0181044
148.5 0.0193215
148.7 0.01993
148.9 0.0214514
149.1 0.0226685
149.3 0.0241899
149.5 0.0247984
149.7 0.0267762
149.9 0.0275369
150.1 0.0293625
150.3 0.032101
150.5 0.0328617
150.7 0.0334703
150.9 0.0348395
151.1 0.0362087
151.3 0.0378822
151.5 0.0395558
151.7 0.0410771
151.9 0.0430549
152.1 0.045337
152.3 0.0464019
152.5 0.0473148
152.7 0.0488361
152.9 0.0506618
153.1 0.0527917
153.3 0.0544652
153.5 0.056443
153.7 0.0585729
153.9 0.0602465
154.1 0.0616157
154.3 0.0634414
154.5 0.0649627
154.7 0.0664841
154.9 0.068614
155.1 0.0698311
155.3 0.0718089
155.5 0.0734824
155.7 0.0762209
155.9 0.0777423
156.1 0.0806329
156.3 0.0821543
156.5 0.0839799
156.7 0.0856534
156.9 0.0865663
157.1 0.0874791
157.3 0.0883919
157.5 0.0900654
157.7 0.0912825
157.9 0.094021
158.1 0.0956945
158.3 0.0978244
158.5 0.0996501
158.7 0.102084
158.9 0.102997
159.1 0.104214
159.3 0.106192
159.5 0.107409
159.7 0.108778
159.9 0.1103
160.1 0.112734
160.3 0.114103
160.5 0.115929
160.7 0.117146
160.9 0.118667
161.1 0.120189
161.3 0.122014
161.5 0.123384
161.7 0.124905
161.9 0.126122
162.1 0.128404
162.3 0.129925
162.5 0.130686
162.7 0.132055
162.9 0.133272
163.1 0.134946
163.3 0.136772
163.5 0.138445
163.7 0.139358
163.9 0.141031
164.1 0.142096
164.3 0.143466
164.5 0.144531
164.7 0.146508
164.9 0.147573
165.1 0.148486
165.3 0.149551
165.5 0.150464
165.7 0.151833
165.9 0.153811
166.1 0.15442
166.3 0.155485
166.5 0.156245
166.7 0.157614
166.9 0.158832
167.1 0.160353
167.3 0.16157
167.5 0.162787
167.7 0.163548
167.9 0.164461
168.1 0.165221
168.3 0.166895
168.5 0.16796
168.7 0.168264
168.9 0.169633
169.1 0.17085
169.3 0.171915
169.5 0.173437
169.7 0.174045
169.9 0.174806
170.1 0.175871
170.3 0.176632
170.5 0.17724
170.7 0.177697
170.9 0.178457
171.1 0.17937
171.3 0.179979
171.5 0.181348
171.7 0.182413
171.9 0.18363
172.1 0.184847
172.3 0.186216
172.5 0.187281
172.7 0.188346
172.9 0.189868
173.1 0.190933
173.3 0.192302
173.5 0.192758
173.7 0.193367
173.9 0.194432
174.1 0.19504
174.3 0.195497
174.5 0.19641
174.7 0.197018
174.9 0.197779
175.1 0.198539
175.3 0.199148
175.5 0.199604
175.7 0.200974
175.9 0.202647
176.1 0.203408
176.3 0.204321
176.5 0.205994
176.7 0.206603
176.9 0.207363
177.1 0.208581
177.3 0.209341
177.5 0.210102
177.7 0.211015
177.9 0.211928
178.1 0.212536
178.3 0.213145
178.5 0.213905
178.7 0.214666
178.9 0.215883
179.1 0.216948
179.3 0.218165
179.5 0.218926
179.7 0.21923
179.9 0.219534
180.1 0.220599
180.3 0.221512
180.5 0.222425
180.7 0.223946
180.9 0.224859
181.1 0.22562
181.3 0.226076
181.5 0.227141
181.7 0.22775
181.9 0.228206
182.1 0.229423
182.3 0.230488
182.5 0.232162
182.7 0.232923
182.9 0.234444
183.1 0.235813
183.3 0.23703
183.5 0.237335
183.7 0.238704
183.9 0.239769
184.1 0.240377
184.3 0.241594
184.5 0.242507
184.7 0.24342
184.9 0.243724
185.1 0.244637
185.3 0.245702
185.5 0.246463
185.7 0.247223
185.9 0.249049
186.1 0.249658
186.3 0.250875
186.5 0.251179
186.7 0.25194
186.9 0.252548
187.1 0.25407
187.3 0.254678
187.5 0.254983
187.7 0.255895
187.9 0.2562
188.1 0.257265
188.3 0.257873
188.5 0.25833
188.7 0.258938
188.9 0.260003
189.1 0.260459
189.3 0.261524
189.5 0.262894
189.7 0.263502
189.9 0.264415
190.1 0.265024
190.3 0.266241
190.5 0.266849
190.7 0.268066
190.9 0.268827
191.1 0.270044
191.3 0.270957
191.5 0.272022
191.7 0.272783
191.9 0.273239
192.1 0.273848
192.3 0.274304
192.5 0.275369
192.7 0.277042
192.9 0.278412
193.1 0.279325
193.3 0.279781
193.5 0.280694
193.7 0.281302
193.9 0.282215
194.1 0.282976
194.3 0.283584
194.5 0.284345
194.7 0.285714
194.9 0.286019
195.1 0.287084
195.3 0.287996
195.5 0.288453
195.7 0.289366
195.9 0.290278
196.1 0.291039
196.3 0.291343
196.5 0.291952
196.7 0.29256
196.9 0.292865
197.1 0.293473
197.3 0.294386
197.5 0.295299
197.7 0.29682
197.9 0.297733
198.1 0.298646
198.3 0.299863
198.5 0.30108
198.7 0.301384
198.9 0.303058
199.1 0.303971
199.3 0.304579
199.5 0.306101
199.7 0.307014
199.9 0.307926
200.1 0.308687
200.3 0.3096
200.5 0.310208
200.7 0.310969
200.9 0.311882
201.1 0.312643
201.3 0.314925
201.5 0.315838
201.7 0.31675
201.9 0.317207
202.1 0.317967
202.3 0.31888
202.5 0.319945
202.7 0.320858
202.9 0.321467
203.1 0.322379
203.3 0.32314
203.5 0.324053
203.7 0.324661
203.9 0.325574
204.1 0.326639
204.3 0.327096
204.5 0.328161
204.7 0.329073
204.9 0.329378
205.1 0.330595
205.3 0.331508
205.5 0.332877
205.7 0.333638
205.9 0.334703
206.1 0.336072
206.3 0.336985
206.5 0.337745
206.7 0.339267
206.9 0.339723
207.1 0.34018
207.3 0.341397
207.5 0.342462
207.7 0.342766
207.9 0.343983
208.1 0.344896
208.3 0.3452
208.5 0.346417
208.7 0.346874
208.9 0.347634
209.1 0.348243
209.3 0.348699
209.5 0.350221
209.7 0.350677
209.9 0.351438
210.1 0.352655
210.3 0.354024
210.5 0.354633
210.7 0.356154
210.9 0.356915
211.1 0.357827
211.3 0.359197
211.5 0.359957
211.7 0.360718
211.9 0.361783
212.1 0.362239
212.3 0.363
212.5 0.364065
212.7 0.36513
212.9 0.365891
213.1 0.366499
213.3 0.36726
213.5 0.368021
213.7 0.368934
213.9 0.369542
214.1 0.370303
214.3 0.370911
214.5 0.371368
214.7 0.372585
214.9 0.37365
215.1 0.37441
215.3 0.375323
215.5 0.376236
215.7 0.376693
215.9 0.378062
216.1 0.378822
216.3 0.379583
216.5 0.380192
216.7 0.381409
216.9 0.382626
217.1 0.38293
217.3 0.383691
217.5 0.384452
217.7 0.385364
217.9 0.386429
218.1 0.386886
218.3 0.387342
218.5 0.388255
218.7 0.389168
218.9 0.389776
219.1 0.389776
219.3 0.390537
219.5 0.392515
219.7 0.393276
219.9 0.393732
220.1 0.39434
220.3 0.395558
220.5 0.39647
220.7 0.397231
220.9 0.398144
221.1 0.399209
221.3 0.400882
221.5 0.401643
221.7 0.401947
221.9 0.403012
222.1 0.404534
222.3 0.405142
222.5 0.406207
222.7 0.406511
222.9 0.406816
223.1 0.407576
223.3 0.408641
223.5 0.408946
223.7 0.409402
223.9 0.410771
224.1 0.411076
224.3 0.411988
224.5 0.412445
224.7 0.413053
224.9 0.413966
225.1 0.414879
225.3 0.415488
225.5 0.4164
225.7 0.416857
225.9 0.417618
226.1 0.419139
226.3 0.420204
226.5 0.420812
226.7 0.421725
226.9 0.422942
227.1 0.424159
227.3 0.425072
227.5 0.425985
227.7 0.426746
227.9 0.427659
228.1 0.429028
228.3 0.429941
228.5 0.43131
228.7 0.431614
228.9 0.432071
229.1 0.432983
229.3 0.434505
229.5 0.435113
229.7 0.436026
229.9 0.436939
230.1 0.438917
230.3 0.439069
230.5 0.440742
230.7 0.441503
230.9 0.44196
231.1 0.443329
231.3 0.444089
231.5 0.445154
231.7 0.446219
231.9 0.447132
232.1 0.447436
232.3 0.448197
232.5 0.44911
232.7 0.449566
232.9 0.450327
233.1 0.451544
233.3 0.452001
233.5 0.453522
233.7 0.454587
233.9 0.455804
234.1 0.456565
234.3 0.457325
234.5 0.458086
234.7 0.458847
234.9 0.459303
235.1 0.45976
235.3 0.460064
235.5 0.460825
235.7 0.46189
235.9 0.462955
236.1 0.464019
236.3 0.464628
236.5 0.465541
236.7 0.466149
236.9 0.466606
237.1 0.467366
237.3 0.468127
237.5 0.46904
237.7 0.470257
237.9 0.471322
238.1 0.472235
238.3 0.4733
238.5 0.474061
238.7 0.47543
238.9 0.475734
239.1 0.47619
239.3 0.477408
239.5 0.477864
239.7 0.478168
239.9 0.479538
240.1 0.480755
240.3 0.481972
240.5 0.482732
240.7 0.483341
240.9 0.484254
241.1 0.485014
241.3 0.485775
241.5 0.486992
241.7 0.488057
241.9 0.488818
242.1 0.489731
242.3 0.490339
242.5 0.490796
242.7 0.491404
242.9 0.492317
243.1 0.493686
243.3 0.494295
243.5 0.495056
243.7 0.496881
243.9 0.497033
244.1 0.49825
244.3 0.499315
244.5 0.50038
244.7 0.500685
244.9 0.501445
245.1 0.501902
245.3 0.503119
245.5 0.50388
245.7 0.504184
245.9 0.505097
246.1 0.506922
246.3 0.507987
246.5 0.508748
246.7 0.509965
246.9 0.510421
247.1 0.51103
247.3 0.511486
247.5 0.513008
247.7 0.513464
247.9 0.514225
248.1 0.515442
248.3 0.516659
248.5 0.516963
248.7 0.517724
248.9 0.51818
249.1 0.519398
249.3 0.520615
249.5 0.521375
249.7 0.52168
249.9 0.522745
250.1 0.523049
250.3 0.524266
250.5 0.524874
250.7 0.525939
250.9 0.526092
251.1 0.527309
251.3 0.528069
251.5 0.528982
251.7 0.530047
251.9 0.530656
252.1 0.531264
252.3 0.532025
252.5 0.53309
252.7 0.534003
252.9 0.535524
253.1 0.536437
253.3 0.537654
253.5 0.539023
253.7 0.53948
253.9 0.540545
254.1 0.541305
254.3 0.542066
254.5 0.542827
254.7 0.543587
254.9 0.544348
255.1 0.545109
255.3 0.545869
255.5 0.54663
255.7 0.547543
255.9 0.548152
256.1 0.549216
256.3 0.549977
256.5 0.550738
256.7 0.551346
256.9 0.552564
257.1 0.553628
257.3 0.554389
257.5 0.554998
257.7 0.556063
257.9 0.557128
258.1 0.557888
258.3 0.559258
258.5 0.56017
258.7 0.561235
258.9 0.562452
259.1 0.563213
259.3 0.564278
259.5 0.564735
259.7 0.565799
259.9 0.56656
260.1 0.567473
260.3 0.568234
260.5 0.568842
260.7 0.569451
260.9 0.570211
261.1 0.571581
261.3 0.571885
261.5 0.572494
261.7 0.573711
261.9 0.574471
262.1 0.575993
262.3 0.57721
262.5 0.578731
262.7 0.57934
262.9 0.580253
263.1 0.580861
263.3 0.582535
263.5 0.5836
263.7 0.584056
263.9 0.585425
264.1 0.586034
264.3 0.586947
264.5 0.587707
264.7 0.589077
264.9 0.589989
265.1 0.590446
265.3 0.591054
265.5 0.592119
265.7 0.592728
265.9 0.593793
266.1 0.594401
266.3 0.595162
266.5 0.595466
266.7 0.596227
266.9 0.596836
267.1 0.597596
267.3 0.597901
267.5 0.599574
267.7 0.600639
267.9 0.601552
268.1 0.602312
268.3 0.603073
268.5 0.604138
268.7 0.604899
268.9 0.605507
269.1 0.605812
269.3 0.60642
269.5 0.607333
269.7 0.60855
269.9 0.609311
270.1 0.609463
270.3 0.610376
270.5 0.61068
270.7 0.611289
270.9 0.611897
271.1 0.613114
271.3 0.614179
271.5 0.614331
271.7 0.61494
271.9 0.616309
272.1 0.617374
272.3 0.618135
272.5 0.619656
272.7 0.621178
272.9 0.622699
273.1 0.623764
273.3 0.624525
273.5 0.624829
273.7 0.625742
273.9 0.62635
274.1 0.627415
274.3 0.628937
274.5 0.629849
274.7 0.63061
274.9 0.631219
275.1 0.631827
275.3 0.632436
275.5 0.633349
275.7 0.634109
275.9 0.634566
276.1 0.636239
276.3 0.637456
276.5 0.638673
276.7 0.638978
276.9 0.640043
277.1 0.640955
277.3 0.641868
277.5 0.642781
277.7 0.643998
277.9 0.644302
278.1 0.645215
278.3 0.646128
278.5 0.646737
278.7 0.647497
278.9 0.64841
279.1 0.649019
279.3 0.649932
279.5 0.650388
279.7 0.651149
279.9 0.652214
280.1 0.653279
280.3 0.653887
280.5 0.655104
280.7 0.655865
280.9 0.65693
281.1 0.658147
281.3 0.659516
281.5 0.660277
281.7 0.660885
281.9 0.661798
282.1 0.662255
282.3 0.663015
282.5 0.664232
282.7 0.664993
282.9 0.66621
283.1 0.667275
283.3 0.667732
283.5 0.66834
283.7 0.669253
283.9 0.670014
284.1 0.670927
284.3 0.672296
284.5 0.672904
284.7 0.673969
284.9 0.674578
285.1 0.675643
285.3 0.676099
285.5 0.677164
285.7 0.678077
285.9 0.678686
286.1 0.679294
286.3 0.680055
286.5 0.680968
286.7 0.681424
286.9 0.682337
287.1 0.682945
287.3 0.683402
287.5 0.684315
287.7 0.685227
287.9 0.685836
288.1 0.686901
288.3 0.687662
288.5 0.688422
288.7 0.689487
288.9 0.690096
289.1 0.691161
289.3 0.692226
289.5 0.693139
289.7 0.694204
289.9 0.694964
290.1 0.695725
290.3 0.69679
290.5 0.697855
290.7 0.698616
290.9 0.699833
291.1 0.701354
291.3 0.702419
291.5 0.703484
291.7 0.704853
291.9 0.705462
292.1 0.706983
292.3 0.707592
292.5 0.708657
292.7 0.709265
292.9 0.709874
293.1 0.710482
293.3 0.711091
293.5 0.711699
293.7 0.711852
293.9 0.713373
294.1 0.714286
294.3 0.715199
294.5 0.715655
294.7 0.716568
294.9 0.717176
295.1 0.717481
295.3 0.717937
295.5 0.718698
295.7 0.719458
295.9 0.720219
296.1 0.72098
296.3 0.721436
296.5 0.722653
296.7 0.723414
296.9 0.724479
297.1 0.726
297.3 0.727065
297.5 0.72813
297.7 0.728587
297.9 0.729652
298.1 0.731173
298.3 0.732542
298.5 0.733607
298.7 0.73452
298.9 0.735433
299.1 0.735889
299.3 0.73665
299.5 0.737563
299.7 0.738019
299.9 0.738476
300.1 0.739388
300.3 0.740301
300.5 0.741366
300.7 0.742127
300.9 0.743496
301.1 0.744257
301.3 0.744713
301.5 0.745778
301.7 0.746235
301.9 0.746691
302.1 0.747756
302.3 0.748973
302.5 0.749582
302.7 0.750342
302.9 0.750799
303.1 0.752168
303.3 0.752624
303.5 0.753841
303.7 0.754602
303.9 0.755515
304.1 0.755971
304.3 0.756276
304.5 0.756884
304.7 0.757797
304.9 0.759014
305.1 0.759623
305.3 0.760688
305.5 0.761753
305.7 0.763122
305.9 0.76373
306.1 0.764491
306.3 0.764948
306.5 0.765708
306.7 0.76586
306.9 0.767077
307.1 0.76723
307.3 0.767838
307.5 0.768751
307.7 0.77012
307.9 0.771185
308.1 0.771946
308.3 0.772707
308.5 0.773619
308.7 0.775141
308.9 0.776054
309.1 0.777271
309.3 0.778488
309.5 0.779096
309.7 0.780313
309.9 0.781683
310.1 0.782595
310.3 0.783508
310.5 0.783965
310.7 0.784878
310.9 0.785638
311.1 0.786703
311.3 0.787312
311.5 0.788072
311.7 0.788529
311.9 0.789442
312.1 0.790354
312.3 0.790811
312.5 0.791724
312.7 0.792332
312.9 0.792789
313.1 0.793549
313.3 0.79431
313.5 0.795375
313.7 0.796592
313.9 0.797657
314.1 0.79857
314.3 0.799787
314.5 0.8007
314.7 0.802069
314.9 0.80283
315.1 0.803286
315.3 0.804351
315.5 0.805112
315.7 0.806025
315.9 0.806937
316.1 0.80785
316.3 0.808155
316.5 0.80922
316.7 0.809676
316.9 0.810437
317.1 0.811045
317.3 0.811502
317.5 0.812414
317.7 0.813023
317.9 0.813632
318.1 0.81424
318.3 0.815001
318.5 0.816066
318.7 0.817435
318.9 0.818196
319.1 0.819869
319.3 0.820782
319.5 0.821086
319.7 0.821391
319.9 0.821999
320.1 0.82276
320.3 0.823977
320.5 0.824738
320.7 0.825346
320.9 0.82565
321.1 0.826867
321.3 0.827476
321.5 0.828389
321.7 0.829606
321.9 0.830215
322.1 0.831736
322.3 0.832192
322.5 0.833105
322.7 0.833562
322.9 0.834322
323.1 0.834931
323.3 0.835844
323.5 0.836756
323.7 0.837669
323.9 0.838886
324.1 0.839799
324.3 0.840712
324.5 0.842233
324.7 0.842994
324.9 0.843755
325.1 0.844972
325.3 0.84558
325.5 0.846493
325.7 0.847254
325.9 0.848319
326.1 0.849384
326.3 0.850601
326.5 0.851514
326.7 0.85197
326.9 0.852274
327.1 0.853339
327.3 0.8541
327.5 0.855469
327.7 0.856534
327.9 0.856991
328.1 0.857904
328.3 0.858664
328.5 0.859425
328.7 0.859881
328.9 0.86049
329.1 0.861251
329.3 0.861555
329.5 0.862772
329.7 0.864293
329.9 0.865358
330.1 0.865815
330.3 0.867032
330.5 0.86764
330.7 0.868553
330.9 0.869466
331.1 0.870075
331.3 0.87114
331.5 0.872052
331.7 0.872661
331.9 0.872965
332.1 0.874334
332.3 0.874943
332.5 0.875704
332.7 0.876616
332.9 0.877225
333.1 0.87829
333.3 0.878899
333.5 0.880116
333.7 0.88042
333.9 0.881485
334.1 0.882093
334.3 0.882702
334.5 0.883463
334.7 0.884071
334.9 0.884984
335.1 0.885288
335.3 0.885593
335.5 0.886201
335.7 0.88757
335.9 0.888027
336.1 0.889092
336.3 0.8897
336.5 0.890917
336.7 0.892134
336.9 0.893199
337.1 0.893808
337.3 0.895634
337.5 0.896546
337.7 0.897003
337.9 0.897916
338.1 0.898676
338.3 0.899285
338.5 0.900502
338.7 0.901415
338.9 0.901871
339.1 0.902936
339.3 0.903545
339.5 0.905066
339.7 0.906131
339.9 0.906892
340.1 0.907653
340.3 0.908261
340.5 0.909326
340.7 0.910087
340.9 0.910847
341.1 0.911456
341.3 0.912369
341.5 0.912673
341.7 0.913586
341.9 0.914499
342.1 0.914955
342.3 0.915259
342.5 0.915564
342.7 0.916172
342.9 0.918302
343.1 0.918454
343.3 0.919671
343.5 0.920888
343.7 0.921649
343.9 0.92241
344.1 0.923323
344.3 0.924083
344.5 0.924692
344.7 0.924692
344.9 0.925605
345.1 0.927735
345.3 0.928495
345.5 0.929408
345.7 0.930169
345.9 0.931082
346.1 0.931538
346.3 0.932451
346.5 0.933516
346.7 0.934581
346.9 0.935646
347.1 0.93595
347.3 0.937167
347.5 0.938232
347.7 0.939297
347.9 0.939906
348.1 0.941579
348.3 0.94234
348.5 0.943101
348.7 0.944166
348.9 0.945078
349.1 0.945991
349.3 0.946448
349.5 0.946904
349.7 0.947208
349.9 0.947513
350.1 0.948425
350.3 0.949034
350.5 0.949642
350.7 0.950099
350.9 0.950707
351.1 0.951316
351.3 0.952229
351.5 0.952685
351.7 0.953294
351.9 0.954207
352.1 0.955119
352.3 0.955424
352.5 0.956032
352.7 0.957097
352.9 0.957554
353.1 0.95801
353.3 0.959227
353.5 0.96014
353.7 0.960444
353.9 0.961053
354.1 0.962422
354.3 0.963487
354.5 0.964704
354.7 0.965769
354.9 0.966682
355.1 0.967443
355.3 0.967747
355.5 0.967747
355.7 0.968508
355.9 0.970029
356.1 0.970485
356.3 0.971398
356.5 0.972007
356.7 0.972767
356.9 0.97368
357.1 0.974289
357.3 0.974897
357.5 0.975354
357.7 0.976267
357.9 0.977027
358.1 0.978092
358.3 0.978701
358.5 0.979309
358.7 0.980526
358.9 0.980831
359.1 0.980983
359.3 0.981439
359.5 0.981743
359.7 0.981896
359.9 0.982048
360.1 0.982656
360.3 0.982961
360.5 0.983569
360.7 0.984786
360.9 0.985243
361.1 0.986003
361.3 0.986308
361.5 0.98646
361.7 0.98646
361.9 0.986764
362.1 0.986764
362.3 0.987068
362.5 0.987525
362.7 0.988438
362.9 0.98859
363.1 0.988742
363.3 0.98935
363.5 0.989959
363.7 0.990111
363.9 0.990567
364.1 0.991024
364.3 0.991632
364.5 0.992393
364.7 0.992697
364.9 0.993002
365.1 0.993306
365.3 0.993306
365.5 0.99361
365.7 0.99361
365.9 0.993762
366.1 0.993762
366.3 0.993914
366.5 0.994067
366.7 0.994675
366.9 0.995132
367.1 0.995436
367.3 0.99574
367.5 0.99574
367.7 0.99574
367.9 0.996349
368.1 0.996501
368.3 0.996501
368.5 0.996957
368.7 0.996957
368.9 0.997109
369.1 0.997109
369.3 0.997109
369.5 0.997262
369.7 0.997262
369.9 0.997718
370.1 0.99787
370.3 0.99787
370.5 0.99787
370.7 0.998022
370.9 0.998022
371.1 0.998022
371.3 0.998174
371.5 0.998174
371.7 0.998174
371.9 0.998174
372.1 0.998174
372.3 0.998174
372.5 0.998479
372.7 0.998479
372.9 0.998631
373.1 0.998783
373.3 0.998935
373.5 0.999391
373.7 0.999391
373.9 0.999391
374.1 0.999544
374.3 0.999696
374.5 0.999696
374.7 0.999696
374.9 0.999696
375.1 0.999848
375.3 0.999848
375.5 0.999848
375.7 1
